10
00000000
01111100
01111100
00000000
00000000
00000000
00000000
00000000

00000000
01111100
01100000
01000000
01000000
01000000
00000000
00000000

00000000
01111000
01110000
01100000
01000000
00000000
00000000
00000000

00000000
01110000
01110000
01110000
00000000
00000000
00000000
00000000

00000000
01111110
00100100
00000000
00000000
00000000
00000000
00000000

00000000
01011010
00011000
00000000
00000000
00000000
00000000
00000000

00000000
00000000
01111110
00000000
00000000
00000000
00000000
00000000

00000000
00000000
00000000
01111110
00000000
00000000
00000000
00000000

00000000
01000000
00100000
00010000
00001000
00000100
00000010
00000000

00000000
00100000
00010000
00001000
00000100
00000010
00000000
00000000
