13
11111111
01000010
00000000
00000000
00000000
00000000
00000000
00000000

11111000
11111000
00000000
00000000
00000000
00000000
00000000
00000000

11111000
11000000
10000000
10000000
10000000
00000000
00000000
00000000

11110000
11100000
11000000
10000000
00000000
00000000
00000000
00000000

10111101
00111100
00000000
00000000
00000000
00000000
00000000
00000000

11100000
11100000
11100000
00000000
00000000
00000000
00000000
00000000

00000000
11111111
00000000
00000000
00000000
00000000
00000000
00000000

00000000
00000000
11111111
00000000
00000000
00000000
00000000
00000000

00000000
00000000
00000000
11111111
00000000
00000000
00000000
00000000

10000000
01000000
00100000
00010000
00001000
00000100
00000010
00000001

01000000
00100000
00010000
00001000
00000100
00000010
00000001
00000000

00100000
00010000
00001000
00000100
00000010
00000001
00000000
00000000

00010000
00001000
00000100
00000010
00000001
00000000
00000000
00000000
